196206
5675430
5675193
169289
1268261
9610705
9610700
9610687
9610679
9610694
9610690
449607
5672729
5672938
5672731
5674340
5675365
180276
1250341
6806975
1368190
1248703
1248749
109797
5654324
5672723
190915
190416
189957
5658415
180582
975979
947770
5658438
5658219
449139
451893
1963580
1963585
109782
5672965
201601
391563
64847
74686
5658224
5658238
5658222
5658228
5658217
5658233
186833
5658221
5658232
5658226
6786793
5674130
419564
419558
912316
913362
1248702
8864079
5654158
1169534
419564
419556
1250309
377600
59284
59282
196216
165990
165977
113595
5658232
5658416
74016
9016707
179803
179863
1251957
1433307
205207
5672980
5654152
170959
5672665
2028645
109783
5672709
912308
1963569
1250309
5672951
5654283
109797
5672708
5674103
8855746
450059
879938
420044
420049
420048
420047
391565
61487
5675414
2179410
109797
67271
54851
140586
5672954
266029
9611369
210382
5674373
179803
179863
1251953
1251954
5672696
196206
450048
912316
452104
162568
109782
190988
180276
1963588
109797
5654262
5654152
1169534
190418
192592
1248703
1963593
5672724
442734
74294
9614253
59502
59504
109797
1250343
1307958
190328
1250313
1250319
186806
186803
5654326
5654193
109797
912534
913384
912321
191475
5654152
8864081
1248702
1248698
1250309
354130
377604
377603
5675351
5675334
5675336
5675343
5675346
5675348
375067
8853796
416464
5672589
5672629
354079
5672691
5626371
5672632
264470
381940
1963579
1250316
9611360
9611358
9611357
4332329
190915
189957
192600
1250316
1250329
381935
74686
9604751
5672942
5693294
5693293
8854160
109797
109783
5672938
165982
165980
186769
186805
186816
64847
204865
1250305
1963569
9604756
64847
5672948
5672961
5675376
5675431
5672978
517562
913361
947770
5658219
5658223
5672664
5672646
5672676
5672973
48888
390562
204854
204772
5672957
109796
5672601
114632
74112
266099
5672728
169289
380739
184201
5674496
179882
109797
109797
6806977
5672691
5672681
5672673
206028
5672692
3928507
9610756
5672734
5672733
1169483
114519
109797
180337
5672683
5672686
5672685
392044
391842
1250307
1233236
2028645
5672708
170959
5654170
109797
5654314
912317
912321
189888
1307932
190330
186806
1227956
1248742
179882
180276
447159
109797
5654273
196235
1638770
535469
3008954
3008950
5672972
8855731
434903
165987
165971
3009043
167051
162568
179860
167016
109797
9610932
9610878
377608
354176
5654170
1169534
450072
913383
391843
391839
388755
9604780
8854740
5672695
2028645
5675206
419564
419560
1227957
1233230
1250305
1248698
419561
419564
5675194
5654294
109797
375977
196016
196044
5654158
170959
5674387
939214
939258
939232
939191
939213
939188
939165
939192
939203
939164
939239
939205
939230
939184
5672689
5654340
109797
913357
5674134
5674133
5672716
5674136
169291
5672716
5672718
169291
5672717
61487
184201
381904
5672966
5674019
5675402
5675414
109786
5672667
5672639
189886
189869
189898
189877
189856
5672938
5672689
8855764
434907
5654146
191475
9611359
434900
8854162
109797
205310
190207
179856
354081
354126
190915
190208
190434
419564
419558
419561
380760
186821
1169439
1169507
1810446
1248743
9607300
210970
5685367
5654264
870270
1250505
8851897
2179409
8854399
5672599
5654287
5672598
5654316
8854903
2424468
205202
5654327
5654275
1250479
1168369
180331
109800
109798
392045
5654343
5654296
5654308
8851860
1250382
2685600
442735
194944
186827
179820
921157
8851807
1306947
442723
442744
5658229
189892
189862
189870
8851633
189881
189856
189905
189898
189888
189907
189914
189918
189881
189856
189892
189862
189870
8851633
189914
189898
189907
189903
5654303
5654196
202135
9610652
9610678
169291
5672721
5674277
5672944
5672710
109783
1433505
109797
1169534
5654146
196206
5672707
377598
203776
1250293
1250351
109797
186811
5654200
5654261
197919
1227951
912321
8854160
189862
189870
189905
189892
189856
189914
708330
912312
210620
1233224
1233234
1233233
350713
354110
354157
196015
190384
190915
189964
1251958
354132
354137
8855755
8855757
8855729
68762
68730
68771
68796
68768
68808
68726
68774
68728
947607
68786
68810
68734
68783
68722
68788
68800
68792
68765
68747
68806
68738
68744
68741
68818
68724
68816
68732
947606
68804
68814
68794
68756
947610
68802
68780
68790
68736
68753
68777
68798
68812
68759
68750
8866674
2179388
8853803
8854162
1963594
1963593
1963583
5672705
5674340
186803
8854980
109797
190309
189891
5656340
190915
189963
5654146
170959
5654158
191475
5674360
1250313
1233236
190380
190389
5658236
5658215
5658235
5674003
113595
1227953
1227951
1227945
1227943
354128
64847
74686
350753
179856
192606
192616
59502
2028645
5672709
64847
374586
6806977
913412
913366
913428
5654305
109797
451911
447099
452093
451921
450046
419556
419561
419564
190434
189953
190915
190204
190203
141763
6806973
112322
109797
203796
5675337
203793
5675342
5675349
5675340
203794
5672969
6806977
8851895
5656338
5674340
5675204
8854162
8853799
913355
192597
190411
59504
5654201
5654284
9611355
9611351
9611031
190915
190330
189959
191475
5654170
5675417
141767
56497
68819
5658420
5672646
5672673
5672656
5672676
5672664
453099
913439
57600
57578
432284
9610654
62719
62717
62725
189955
190382
190915
5674140
74772
74774
5672720
189884
189869
189886
189877
189856
450056
912316
109797
1963592
5674366
377606
114514
5674340
5672679
5658225
5675373
5674022
419556
419560
419564
189967
190915
190412
5674132
913359
912321
109797
74684
1963591
1963568
5674341
5675368
380759
380761
184206
5672960
1227953
1233225
189907
189898
189905
189903
189918
189914
189892
189870
8851633
189862
189856
1233236
1250319
190198
5672721
5672648
5672665
5672679
377592
210620
1678589
1248743
1250194
109797
1250325
1233236
2685672
2396597
375061
434904
8855728
8853802
196045
377590
354118
202135
443609
9610662
9610630
375103
391821
5674138
189881
189856
189892
8851633
189870
189862
189918
189914
189907
189898
189905
189903
380739
184199
5674340
5672665
8851891
109797
109797
1963587
500333
190425
190430
1963567
1963579
1250329
1963567
5675433
5672950
5672587
5672591
190201
140583
140585
140584
189967
190915
192603
5672958
5675198
5675204
5674340
5674018
190987
74686
204783
1168362
1169559
375067
434901
179803
1233234
5658424
420046
420050
5658216
5658232
5672980
5672980
5674385
5675431
5675431
5675431
5674340
5674340
9610756
9610756
9610756
9610756
9610756
9610756
5672966
5672966
5672966
5672966
5675376
5675376
1250343
1250343
6806977
1963580
1963580
1963580
5654327
5654327
5672973
190418
190418
190418
5658416
5658416
5658416
5658232
5658232
5658232
451911
451911
1963588
1963588
109783
109783
420046
420046
109797
109797
5658216
5658216
5658216
5658216
5658216
5658216
5658216
5658216
5658216
5658216
8854740
5674131
3928507
3928507
913355
913355
1248703
1248703
5654340
5654340
9610679
9610679
1250293
354126
169291
169291
196206
196206
196206
5658424
5658424
5658424
74294
74294
179860
179860
1251953
205310
205310
5672712
5654201
5654201
5675414
5675414
5675414
5675414
912317
1250329
1250329
5672707
5654287
5654287
5674140
5674140
8854160
450048
450048
420050
420050
420050
420050
420050
5675417
5675417
2179409
2179409
377603
377603
377603
5672696
9614253
9614253
9614253
5674362
1248702
1248702
1250351
1250351
5672957
5672957
912308
912308
453099
453099
109796
375103
1250194
1250194
5654264
5654264
5654294
5654294
192616
192616
1963587
1963587
5672980
442735
442735
442735
5672686
5672686
1250382
1250382
5654158
5654158
1250325
1250325
186769
186769
5654324
5654324
921157
921157
913428
913428
5654284
5654284
1963593
1963593
1963567
1963567
354137
354137
354137
5675365
5675365
5675365
5675365
5675365
5675365
8853799
8853799
5672717
5672717
5672717
5672717
5672717
5672717
5672717
5672717
380761
1963568
1963568
9611359
9611359
9611359
9611359
192592
192592
192592
1963594
1963594
184206
9604756
9604756
5674133
5674133
5674133
8854903
8854903
5674018
5674018
165990
165990
186821
186821
186821
210970
210970
1250316
1250316
9607300
9607300
5672695
5672728
5675361
5675412
5672723
913362
913362
5658438
5658438
5658236
5674134
5674134
5674134
5672724
2028645
9610932
204783
204783
5672692
5672965
5672965
377604
377604
377604
5672960
5674385
380759
380759
5674489
179820
179820
8851807
8851807
5672731
5672731
5672731
5672731
5672958
9610678
9610678
5672969
5672969
1168369
1168369
180331
180331
5672716
5672716
5672716
392045
392045
1250309
1250309
5672951
5672951
5654200
5654200
5654316
5654316
913412
913412
1307958
1307958
1307958
186816
1248743
1248743
180337
180337
913383
5654275
5654275
196216
196216
196216
196216
196216
5672720
8855755
8855755
165977
165977
167016
167016
167016
179882
5685367
5685367
9611031
9611031
354130
354130
5654273
5654273
450056
450056
391842
391842
391842
9604751
9604751
5672954
5672954
5675205
9610687
9610687
1233236
1233236
1963579
1963579
9610690
9610690
5675193
5654296
5654296
9610630
196045
196045
5654193
5654193
5674341
113595
113595
113595
113595
113595
113595
113595
113595
113595
113595
113595
113595
113595
113595
5672948
5654343
5654343
913359
5674136
5674132
5674132
5674132
5674132
5672972
5672972
5672972
5672972
5672972
381935
381935
5672733
5674011
5675433
5675433
5672708
5672708
5672708
189963
189963
189963
189963
189963
5674019
5674019
8855729
8855729
5654303
5654303
9611355
8855764
8855764
205202
205202
190309
354110
354110
354110
500333
500333
500333
9610705
9610705
9610705
186811
186811
1169534
1169534
1248749
1248749
5672601
5672601
5672601
5672601
5672601
5672601
5672601
5672601
5672601
5672601
5672601
5672601
5672601
5672601
5672601
5672601
5672601
5672601
5672601
5672601
5672601
5672601
5672601
5672601
5672601
5672601
5672601
5672601
5672601
5672601
5672601
5672601
5672601
5672601
5672601
5672601
5672601
442734
442734
5658235
189959
189959
189959
189959
189959
189959
189959
189959
189959
189959
189959
189959
189953
189953
189953
189953
189953
189953
189953
189953
189953
189953
5654305
5654305
9610654
9610654
9610654
5674366
5674366
5674366
5672950
5672950
5672950
2685672
2685672
5654314
5654314
5672961
5672961
377606
377606
1250341
1250341
186827
186827
5654262
5654262
1233225
1233225
8854980
8854980
189964
189964
189964
189964
189964
189964
1433307
912316
912316
1233230
1233230
1233230
354176
354176
354079
354079
190380
190380
190380
1251954
354157
354157
8855746
8855746
8855746
68819
68819
68819
68819
68819
68819
68819
68819
68819
68819
68819
68819
68819
68819
68819
68819
68819
68819
68819
68819
68819
68819
68819
68819
68819
68819
68819
68819
68819
68819
68819
68819
68819
68819
68819
68819
68819
68819
68819
68819
68819
68819
68819
68819
68819
2179410
8855728
8855728
1963585
1963585
1963585
5674496
5674496
186805
8854399
8854399
190208
190208
190430
190430
190430
5654196
5654196
5654326
5654326
5674373
1251958
1251958
5654146
5654146
5658219
5658219
5658219
5674022
5674022
1227957
1227957
1227957
1227957
392044
392044
392044
354132
354132
5654152
5654152
5672683
5672710
5672710
8851860
8851860
8851860
913439
913439
913439
5654308
5654308
452104
452104
452104
452104
452104
9610700
9610700
9610700
190425
190425
190425
190207
190207
6806975
6806975
109800
109800
5675368
5675368
5675368
5675368
5675368
5675368
5675368
5672718
8851891
8851891
5656340
5675206
5675206
8855731
8855731
913384
192606
192606
5672685
5654283
5654283
9611369
9611369
9611369
190328
190328
190328
5654261
5654261
5675413
141763
141763
5658430
5658430
5672709
5672709
5672709
5672709
5672709
912534
912534
114514
114514
9610878
9610878
109782
109782
109782
190389
190389
190389
5674139
112322
112322
5672978
189967
189967
189967
189967
189967
913357
913357
1306947
1306947
5674360
377608
377608
5675198
5675198
5658215
5675363
5674005
9610694
9610694
9610694
190411
190411
190411
5674138
913366
913366
109798
109798
1963592
1963592
5675373
5675373
380760
380760
380760
5672726
1227956
1227956
189955
189955
189955
189955
189955
189955
189955
189955
189955
189955
189955
1251957
1251957
190204
5672734
5672734
5672734
5672734
5672734
5672734
1963583
1963583
1250479
1250479
1250305
1250305
2424468
2424468
8853802
8853802
8855757
8855757
196015
377600
377600
9610652
9610652
9610652
9610652
391843
391843
5674130
189957
189957
189957
189957
189957
189957
189957
189957
189957
189957
189957
189957
381940
381940
5675194
5675194
8851897
8851897
1250505
1250505
5654170
5654170
5654170
1368190
1368190
1963591
1963591
5675430
5672729
5672689
5672689
190203
140586
140586
140586
192597
192597
192597
5672691
5675199
5674387
5674387
5674003
190988
204865
204865
1169483
1169483
8853803
8853803
2179388
2179388
5658420
391839
391839
109783
109783
169289
5672721
1268261
